       [,1] [,2] [,3]
  [1,]    3    6    4
  [2,]    3   12    8
  [3,]    3    8    9
  [4,]    3    5    6
  [5,]    3    3   12
  [6,]    4    3    6
  [7,]    8    3   11
  [8,]    7    3   11
  [9,]    9    3    5
 [10,]   12    3    8
 [11,]    9    9    3
 [12,]   10    8    3
 [13,]   11    3    3
 [14,]   12   12    3
 [15,]   12    8    3
 [16,]    4    4   12
 [17,]    4   10    7
 [18,]    4    4    3
 [19,]    4   11    3
 [20,]    4    5    6
 [21,]    3    4   10
 [22,]   11    4    3
 [23,]    8    4    7
 [24,]    3    4    8
 [25,]   11    4    7
 [26,]    4    9    4
 [27,]    8    7    4
 [28,]    7    5    4
 [29,]    5    8    4
 [30,]    4    4    4
 [31,]    5    9    5
 [32,]    5   10    6
 [33,]    5   11    3
 [34,]    5   10    8
 [35,]    5    3    3
 [36,]    9    5    5
 [37,]    6    5   12
 [38,]    4    5    7
 [39,]    3    5   11
 [40,]   11    5    6
 [41,]   10    8    5
 [42,]    5    5    5
 [43,]    5    4    5
 [44,]    4    4    5
 [45,]   10   11    5
 [46,]    6   11    5
 [47,]    6    4   12
 [48,]    6    8    6
 [49,]    6    9    3
 [50,]    6   12   11
 [51,]    3    6    9
 [52,]   11    6    3
 [53,]   10    6    9
 [54,]    4    6    8
 [55,]    6    6    8
 [56,]    3    9    6
 [57,]   12    6    6
 [58,]    9   11    6
 [59,]    4    7    6
 [60,]    3   11    6
 [61,]    7   12   10
 [62,]    7   11    5
 [63,]    7   10    8
 [64,]    7    5    3
 [65,]    7    6    6
 [66,]    9    7    7
 [67,]    4    7    4
 [68,]   10    7    7
 [69,]    3    7    5
 [70,]    6    7   12
 [71,]    7    4    7
 [72,]    9    6    7
 [73,]   11   11    7
 [74,]    5    3    7
 [75,]    4    9    7
 [76,]    8   12    7
 [77,]    8    7    3
 [78,]    8    3    4
 [79,]    8    3    6
 [80,]    8    4    8
 [81,]   12    8    8
 [82,]   11    8    8
 [83,]   11    8    3
 [84,]    5    8    9
 [85,]    5    8   12
 [86,]    5   12    8
 [87,]    6    9    8
 [88,]   10   10    8
 [89,]   10    5    8
 [90,]   10   11    8
 [91,]    9    3    3
 [92,]    9    7    9
 [93,]    9    7    6
 [94,]    9    5    9
 [95,]    9    6    5
 [96,]   11    9   12
 [97,]   12    9   10
 [98,]    3    9    5
 [99,]    9    9    9
[100,]   12    9    5
[101,]    4   12    9
[102,]   11    3    9
[103,]    7   11    9
[104,]    7   10    9
[105,]    3    5    9
[106,]   10   12    9
[107,]   10    4   12
[108,]   10    8    4
[109,]   10    7   11
[110,]   10   12    8
[111,]    5   10    9
[112,]    3   10    8
[113,]    7   10    6
[114,]   11   10    6
[115,]   12   10    5
[116,]   11    8   10
[117,]    5    9   10
[118,]    8   12   10
[119,]    3    7   10
[120,]   10   11   10
[121,]   11   10    8
[122,]   11   10    9
[123,]   11    4    9
[124,]   11    4    5
[125,]   11   11    9
[126,]    8   11    7
[127,]   12   11    4
[128,]    5   11   12
[129,]    9   11   10
[130,]    4   11   10
[131,]   10   10   11
[132,]    6    8   11
[133,]    4    4   11
[134,]    3    9   11
[135,]    5    8   11
[136,]   12    8   10
[137,]   12   12   10
[138,]   12    3    6
[139,]   12   10    7
[140,]   12    9   11
[141,]    3   12   12
[142,]    9   12    8
[143,]    6   12    6
[144,]    4   12    7
[145,]    4   12    3
[146,]   10    8   12
[147,]    4    5   12
[148,]   11    7   12
[149,]    3   10   12
[150,]    3    8   12
[151,]    7   11   10
[152,]    8    7   10
[153,]    7   12    9
[154,]   10    3    6
[155,]    5    7   12
[156,]    4    4    9
[157,]    7   12    8
[158,]    3    8    4
[159,]   12   12    8
[160,]    5   11   11
[161,]    7    9   11
[162,]    8   10    7
[163,]    6    3   12
[164,]   10   12   11
[165,]    8   10    5
[166,]    3    9    4
[167,]    7   12    4
[168,]    4   10    4
[169,]    9    3   11
[170,]   11    5    7
[171,]   12    9    3
[172,]   10    6    6
[173,]    4    9   11
[174,]   10   11    4
[175,]    8    9    5
[176,]    8    3    3
[177,]    6    8    7
[178,]   10    4    8
[179,]   11    9   11
[180,]    9   11    5
[181,]    6    9   11
[182,]   11    9    6
[183,]    6    9    5
[184,]   10    9    7
[185,]    9    5    4
[186,]    6   10    4
[187,]    3    5    4
[188,]    4    9    9
[189,]    3    9    9
[190,]    9   12    5
[191,]   11    7    7
[192,]    9    4   12
[193,]    6    7    8
[194,]   10    5    3
[195,]    7   10    3
[196,]    8   11    6
[197,]    5    9    6
[198,]   11   11    5
[199,]    6    3    7
[200,]   11    7    9
       [,1] [,2] [,3]
  [1,]    5    5    2
  [2,]    2    9   10
  [3,]    2    6    1
  [4,]    2    4    2
  [5,]   10    1    7
  [6,]    1    9    1
  [7,]    1    1    5
  [8,]   10    1   10
  [9,]    3    1    3
 [10,]    1   10    5
 [11,]    6    1    1
 [12,]    7   11    2
 [13,]   12    2    5
 [14,]    9    1    8
 [15,]    7    6    2
 [16,]   12    1    1
 [17,]    8    2    3
 [18,]    2    8    4
 [19,]    2    2    4
 [20,]    3    2    2
 [21,]   11   12    1
 [22,]    9    2   12
 [23,]    7    2    4
 [24,]    9    1    1
 [25,]    1    7    1
 [26,]    2   12    8
 [27,]    7    2    5
 [28,]    1    8    3
 [29,]   10    1   11
 [30,]    2   11    9
 [31,]    2    6    6
 [32,]    9    2    7
 [33,]    8   12    1
 [34,]    2    2    5
 [35,]   12    2    3
 [36,]    8    2   11
 [37,]   10    2    5
 [38,]    4    2   12
 [39,]    1    2    2
 [40,]    7    4    2
 [41,]   11   10    2
 [42,]    2    4    9
 [43,]    1    1   12
 [44,]    3    9    1
 [45,]    1    7   12
 [46,]    1    9    9
 [47,]   10    1    8
 [48,]    6    2   10
 [49,]    1    1    7
 [50,]    4   12    2
 [51,]   12    2    4
 [52,]    1    6   12
 [53,]    3    5    1
 [54,]    2   12    1
 [55,]    2    5    7
 [56,]    6    2    5
 [57,]    2   12    9
 [58,]   12    1   10
 [59,]    8    3    1
 [60,]   10    9    1
 [61,]    4    2   11
 [62,]    5    2    4
 [63,]    7    2    3
 [64,]    8    2   10
 [65,]    4    1    1
 [66,]    5    1    6
 [67,]    4    1    6
 [68,]    3    3    1
 [69,]    2   12    5
 [70,]   10    3    2
 [71,]    5    2   12
 [72,]   12    1    5
 [73,]    2    2   12
 [74,]    2    3   12
 [75,]    5    7    2
 [76,]    8    2    6
 [77,]    9    2    6
 [78,]    8    1    6
 [79,]    5    2    5
 [80,]   10    2    1
 [81,]   11    9    2
 [82,]   11    1    1
 [83,]    5    3    1
 [84,]    6    1   11
 [85,]    9    2    2
 [86,]    1   10   12
 [87,]   11    1   12
 [88,]    2    7    8
 [89,]    1   10    7
 [90,]    4    2    7
 [91,]   12    5    1
 [92,]    4    4    2
 [93,]    8    1    4
 [94,]    1   10    1
 [95,]    2   10    8
 [96,]    2    1   12
 [97,]    2    1    9
 [98,]    3    2    6
 [99,]    3    1    9
[100,]    1    2    8
